m 31.384,648.22573 0.92852,59.67845 22.655906,8.35669 32.31252,6.49964 14.856334,2.97127 9.47091,-59.05392 -33.720088,-7.68129 z
m 111.35112,666.51751 34.77318,6.95352 7.57248,0.89777 -1.34387,37.91816 -1.05947,22.56687 -12.28995,-0.95353 -15.68027,-2.96653 -18.43491,-3.70818 -3.17844,-1.37732 0.31785,-0.31784 z
m 153.37961,674.34512 42.87442,-1.58715 8.52417,61.09699 0.31872,0.95617 h -54.02319 z
m 196.14453,672.82943 20.06323,-0.31226 23.07583,-4.85751 15.24977,57.13109 -36.3619,8.17568 -13.28609,1.39854 z
m 239.27869,668.28249 41.21457,-10.13945 15.24889,56.73167 0.39485,1.38197 -42.05146,8.88411 z
m 280.34098,658.10097 42.74821,-10.16194 14.74155,57.19901 -41.60168,11.07985 z
m 322.82754,648.32308 41.18719,-10.00499 15.17423,56.19467 -41.52069,10.83874 z
m 364.01473,637.98459 41.35394,-10.33848 15.34098,55.36092 -41.35394,11.50573 z
m 405.41516,627.14459 41.69436,-10.56769 15.97346,55.72574 -42.65855,10.85527 z
m 446.90009,616.17101 41.64438,-10.56648 15.74613,56.35458 -41.64438,10.56648 z
m 488.03406,605.3409 44.43085,-11.51911 15.04536,53.36403 -1.64558,3.52626 -42.08001,11.28403 z
m 561.00591,585.83322 41.42877,-11.00987 15.97013,57.47564 -39.4048,9.56649 -4.32769,-2.04996 z
m 768.73267,531.54117 41.45736,-10.85115 14.88367,56.12554 -1.8445,0.64613 -37.93548,9.41805 -2.13194,0.47628 z
m 727.57989,542.02135 41.45994,-10.63116 14.15696,55.88001 -1.50734,0.36048 -38.92035,10.95785 z
m 685.59797,553.26162 41.9845,-11.08929 15.19441,56.4136 -41.7592,11.54778 -0.61444,-1.9787 z
m 644.14321,563.96697 41.91031,-10.70535 15.36243,56.69103 -1.46825,0.4801 -38.49371,10.19807 -1.9774,0.49025 z
m 602.2329,574.67232 41.68254,-10.70535 15.71636,57.2906 -1.13886,0.33607 -40.04333,10.65362 z
m 810.18392,520.58486 41.60716,-11.22733 15.16199,56.96521 -1.45805,0.4923 -38.48672,9.36593 -2.2165,0.76745 z
m 975.62192,477.49172 50.68808,-13.04351 1.1558,-0.16511 5.7787,58.11794 -41.93734,11.39244 z
m 30.388843,600.50066 0.898377,46.12546 0.08534,1.89896 50.350312,11.41717 9.46423,-41.91302 z
m 91.036878,618.17946 33.199922,7.81174 -8.56288,41.61257 -34.401724,-7.81175 z
m 934.8403,488.38884 40.94673,-10.73201 15.60146,56.06136 -1.23709,0.2404 -39.79097,10.56689 z
m 893.56335,498.46041 41.3818,-10.10287 15.48811,56.32758 -2.54945,0.83101 -38.96544,9.90647 z
m 851.95619,509.19242 40.61651,-9.74136 1.10881,-0.12284 15.3965,56.04701 -1.97582,0.54269 -37.97479,9.90647 -2.60531,0.69987 z
m 124.08657,625.54053 27.49133,6.45971 5.70859,0.15022 1.2018,41.7628 -5.70858,0.75113 -37.55647,-7.36107 z
m 157.28649,632.00024 33.95104,-0.75113 1.20181,41.91302 -34.10127,1.35203 z
m 190.78686,631.39933 h 19.82981 l 14.42168,-3.30496 9.76469,41.16188 -18.92846,3.75565 -23.88592,-0.30045 z
m 225.03835,627.64369 32.89947,-7.5113 10.06513,40.86144 -33.50037,8.26242 z
m 257.93782,619.83194 32.89947,-8.56287 10.96648,41.61256 -33.80082,8.41265 z
m 291.51585,611.80119 32.8152,-8.31618 11.04429,41.7804 -33.61887,8.04323 -11.02554,-41.75247 z
m 324.53055,603.24182 32.71513,-8.22397 10.93517,42.02359 -32.71513,8.1336 z
m 357.15531,594.74673 33.07663,-8.13359 10.66405,42.11396 -33.07663,8.04322 z
m 389.83011,586.31483 33.33223,-8.21764 10.8953,41.73453 -33.33223,8.77164 z
m 422.88534,577.91252 33.05523,-8.6793 10.98763,41.6422 -26.96125,7.29431 -6.09398,1.47733 z
m 455.57124,569.14088 32.4089,-8.58697 11.35696,41.73454 -11.81863,3.50865 -20.49793,5.07832 z
m 487.70314,560.18458 32.22423,-7.29431 3.41632,1.84666 9.04864,38.87221 -33.33223,8.77164 z
m 650.31147,517.56671 33.96963,-8.52375 10.58423,41.95355 -33.19476,8.31147 z
m 584.50316,535.24094 32.84148,-8.64909 1.0028,0.12535 10.15328,41.11452 -33.21753,8.89979 z
m 617.84604,526.59185 32.84148,-8.77444 10.85463,41.59515 -32.98761,8.47298 z
m 683.90505,508.91761 32.59078,-8.39839 11.28143,41.61592 -33.34288,8.89979 z
m 594.98436,576.71229 -10.27804,-41.49283 -30.83412,7.61336 -2.66468,4.56802 9.77048,38.2952 z
m 716.37048,500.39387 33.34288,-8.14769 10.02794,41.61592 -32.21474,8.27304 z
m 749.46266,491.87013 32.84149,-8.52375 10.78002,41.49058 0.2507,0.5014 -33.96962,8.64909 z
m 782.05345,483.09569 32.96683,-8.3984 11.40677,41.36523 -33.46822,9.15049 z
m 847.40136,465.1189 33.44328,-7.92349 11.42217,42.08709 -33.33023,8.04399 z
m 814.57463,474.28827 33.19867,-8.75238 11.16683,41.80014 -32.86701,8.90274 z
m 880.63884,456.88671 32.51716,-8.12929 11.73088,41.88128 -32.60247,8.77446 z
m 912.9502,448.2429 33.44328,-8.33509 11.01056,42.4987 -32.46707,8.39534 z
m 978.39613,431.1611 44.35097,-11.31926 4.0132,43.83643 -0.3087,0.51451 -36.01589,9.36412 z
m 50.043298,544.15996 0.606984,41.51466 2.950502,2.70463 44.011653,8.60563 9.097383,-41.79878 z
m 946.49638,439.5991 32.10555,-8.23219 11.93668,42.08709 -32.96879,8.9285 z
m 105.97219,554.94023 35.6519,7.47718 -10.08088,43.1731 -34.422523,-8.60563 z
m 173.09611,566.98811 35.02988,-3.73215 10.94877,43.07217 -9.835,3.19638 -34.6684,-0.24587 z
m 141.13234,562.07061 16.71951,5.16337 h 16.71951 l 0.49175,41.79878 -1.47525,0.73763 -20.65351,1.22937 -22.37464,-5.901 z
m 240.99288,557.41096 33.64967,-8.86349 10.81851,41.30703 -1.47526,1.47525 -29.99676,7.37625 -2.45876,-2.21287 z
m 208.01038,563.05411 32.94727,-5.65513 11.31026,40.07765 -0.9835,1.47525 -29.99677,7.13038 -3.19638,-0.73763 z
m 306.60632,540.67947 33.43902,-8.09063 11.06438,41.28377 -32.45552,8.60563 z
m 339.79947,532.56559 33.43902,-8.92196 10.8185,41.86923 -33.43902,8.8515 z
m 373.23849,523.71408 32.94727,-8.5239 10.32675,41.71705 -32.94727,8.35975 z
m 274.64255,548.05572 32.45552,-7.37625 10.81851,40.81527 -0.49175,1.22938 -31.22615,7.868 -1.967,-1.967 z
m 405.93988,515.10845 33.19315,-8.67608 10.57263,41.86923 -33.19315,8.60563 z
m 438.64128,506.50282 32.70139,-8.76978 11.31026,41.96293 -33.19315,8.60563 z
m 534.18549,481.73428 34.82417,-8.81352 10.96316,41.27308 -30.73985,8.16863 -4.29928,-2.14964 -2.14964,-2.3646 z
m 470.85092,498.14307 35.00798,-9.32001 10.47893,38.57915 -0.49175,3.44225 -1.967,0.9835 -31.47202,7.86801 z
m 601.46922,463.24738 32.88949,-7.95367 10.7482,40.84316 -32.02964,8.81352 z
m 568.57973,472.0609 33.10445,-8.59856 10.96317,41.70302 -32.45956,8.59856 z
m 633.92878,455.29371 32.2446,-8.59856 11.60805,41.05812 -33.31941,9.88835 z
m 699.89459,437.96822 33.54195,-8.54572 10.25487,41.01947 -31.83281,9.18665 -0.85458,-1.06822 z
m 666.38834,446.26523 33.74935,-7.73871 11.39309,40.19827 -1.50475,1.93467 -31.81467,8.16863 z
m 732.79561,428.78157 33.17123,-8.60227 11.08933,41.5033 -1.95923,1.4955 -31.61917,8.54572 z
m 766.12393,420.4495 32.68738,-7.9048 10.04123,39.95125 -0.85458,1.92279 -30.97824,7.90479 z
m 798.53256,412.30203 33.02389,-8.1939 11.04935,40.22459 -3.2279,2.2347 -29.67184,7.82144 z
m 896.18889,386.15164 34.42525,-8.60631 10.87113,41.89915 -34.19877,8.37983 z
m 831.4323,403.98398 32.4053,-9.16808 11.29549,41.44707 -1.7381,1.11735 -29.42354,7.82145 -1.36565,-0.37245 z
m 863.98217,394.66043 32.65968,-7.82934 11.09761,40.31378 -32.16043,9.05927 -1.35889,-0.90592 z
m 930.38765,377.54533 54.80862,-13.8154 9.73873,37.14304 -1.13241,3.62371 -2.26482,1.58537 -50.50547,13.13595 z
m 53.078978,499.34626 -4.904036,2.16354 -0.144236,3.31744 2.019309,39.52076 38.36687,7.35605 8.798418,-42.11701 z
m 96.782594,509.58704 33.607066,7.64453 -9.5196,40.96312 -32.885884,-6.77911 z
m 197.89228,522.85678 32.88589,-6.92334 10.24078,41.45818 -0.86542,0.0819 -32.16471,5.62522 z
m 163.13132,524.44338 35.04943,-1.29812 10.24078,40.38618 -35.62638,3.6059 -8.50994,-0.14423 z
m 130.24543,517.08733 32.74165,7.35605 1.26091,42.81957 -6.59765,0.0186 -17.16413,-5.19251 -19.90462,-4.18285 z
m 230.34546,515.7892 33.89554,-7.933 10.24078,40.38618 -33.52074,9.20165 z
m 263.95253,507.27926 33.03012,-7.64453 10.24078,40.53042 -0.14423,0.28847 -32.74165,7.64453 z
m 296.69418,499.63473 33.17436,-8.36571 10.38502,41.10736 -0.86542,0.43271 -32.30894,7.50029 z
m 329.58007,491.12479 33.03012,-7.933 10.52926,40.67465 -33.3186,8.50994 z
m 362.32172,482.75908 33.17436,-8.50995 10.38502,41.2516 -33.3186,8.22147 z
m 395.20761,474.24913 32.88589,-8.65418 10.67349,40.96313 -32.84273,8.97844 z
m 427.80503,465.45072 33.31859,-8.65419 10.96197,40.67466 -14.42364,4.03861 -18.99603,5.1346 z
m 523.78749,444.73768 1.97954,-5.14682 32.72847,-7.78621 10.42561,40.51468 -0.52788,0.65985 -34.31211,8.44606 z
m 460.97939,456.50806 32.02047,-7.35605 2.88473,1.00965 1.44236,3.46167 8.36571,35.19367 -34.03978,8.94266 z
m 656.28501,405.27876 33.52028,-8.57803 10.0297,41.57043 -33.25635,7.65424 z
m 590.82807,422.83072 32.86044,-8.57803 10.29363,41.57044 -1.3197,-0.39591 -31.67271,7.65424 z
m 558.0996,431.67268 33.12437,-8.44605 10.0297,40.25074 -32.72847,8.31408 z
m 623.68851,413.98875 32.72847,-8.57802 10.4256,40.25073 -0.79182,1.05576 -32.20059,8.57803 z
m 689.80529,396.56876 32.5965,-8.31409 10.55757,40.64665 -1.31969,0.92379 -31.93665,8.18212 z
m 722.26982,388.25467 32.99241,-8.57802 10.55757,40.51467 -33.12437,8.71 z
m 754.73435,379.28074 33.25635,-8.31409 10.55757,41.17453 -0.79181,0.65984 -31.93666,7.65424 z
m 787.72676,370.57074 33.38832,-8.57803 10.55757,41.83438 -33.52028,8.31409 z
m 820.85114,361.72878 32.86044,-8.31409 10.55757,41.17453 -32.86044,9.1059 z
m 853.31567,353.28272 33.12438,-7.78621 10.55757,40.64665 -1.45166,1.18773 -31.93665,7.25833 z
m 886.04414,345.49651 33.78423,-9.36984 10.55757,41.30649 -33.65226,8.44606 z
m 919.07125,335.9757 51.80464,-12.57394 3.68835,1.50887 10.39446,38.22478 -0.002,0.55533 -54.88084,13.83708 z
m 118.14575,448.62171 31.79022,7.11721 -9.25238,41.99157 -31.53975,-7.39273 z
m 53.141863,477.80229 5.931012,-25.85921 19.690958,-12.57375 39.856397,9.48962 -9.25238,41.51708 z
m 180.53999,461.66994 33.83742,-8.25059 10.60391,40.55784 -32.95773,8.33145 -10.06016,-39.68974 z
m 149.46149,455.50168 32.2647,6.64274 10.43858,40.09363 -28.46885,0.94897 -22.98789,-5.43943 z
m 214.39277,453.56688 33.24388,-7.69302 10.67124,40.60669 -1.51878,0.3996 -31.85382,7.11419 z
m 247.31691,445.71399 33.57243,-7.6737 10.43143,40.96643 -2.11826,0.47953 -30.85466,6.99426 z
m 379.04873,411.34222 32.61322,-7.99344 10.71121,40.92639 -32.29348,8.95265 z
m 345.91576,420.79167 33.37841,-9.03289 11.03095,41.40846 -3.26688,0.8062 -30.30556,7.66439 z
m 280.40973,437.88042 33.04504,-7.99343 10.74015,41.19867 -1.26011,0.36719 -31.65407,7.59377 -0.47954,-1.51875 z
m 313.42292,429.65515 32.46621,-9.12151 10.74647,41.10419 -1.78109,0.6687 -30.62176,8.76069 -0.49859,-1.69266 z
m 444.1153,394.07639 34.85138,-8.31317 9.91187,38.04876 -0.17221,2.06879 -0.99273,1.84364 -32.33461,7.94183 z
m 411.50208,403.18891 32.93296,-8.95265 11.03094,41.406 -33.41256,8.63291 z
m 639.51975,343.23841 33.39685,-8.95815 11.12375,41.3757 -33.5181,8.84178 z
m 573.50481,359.93861 33.39722,-8.22364 11.39864,42.21348 -33.43581,8.46787 z
m 506.70398,378.21061 34.9722,-8.84129 11.19896,41.25934 -33.20394,8.84129 -3.14357,-1.76826 z
m 606.79128,351.68781 32.75563,-8.4526 11.13242,41.18424 -32.77161,9.61516 z
m 541.08676,369.17285 32.41485,-9.09634 11.37376,42.34748 -1.35043,0.34575 -31.04274,7.85892 z
m 672.97325,334.36701 32.8411,-8.7581 10.91931,41.40273 -32.811,8.64482 z
m 803.96769,300.01434 33.59689,-8.25187 10.28064,41.02212 -33.8574,9.0785 z
m 705.73117,325.75231 32.55788,-8.14216 10.66619,40.36373 -0.19647,0.7859 -32.22158,8.25186 z
m 771.74611,308.46268 32.811,-8.0554 9.58871,41.46185 -0.66842,0.26944 -31.71116,8.56581 z
m 836.97516,291.36952 33.40042,-9.23423 10.38105,41.8211 -32.97545,8.86894 z
m 738.14922,317.69691 32.61453,-8.84129 1.37531,0.19648 9.82365,40.47344 -0.39295,1.17884 -32.81099,8.0554 z
m 870.17911,282.33176 32.61452,-7.66245 10.87006,41.17785 -33.66093,8.33336 z
m 170.60501,414.28158 21.8694,0.53994 11.79529,-2.60737 10.55367,41.09725 -34.39256,8.5671 -20.11407,-3.97315 z
m 78.661108,439.3966 48.900412,-31.94816 29.05629,6.27352 14.0879,0.55031 -10.23574,43.80456 z
m 935.8011,265.43508 28.48859,-7.07303 23.57677,17.28963 1.37531,20.62967 -42.83112,11.00249 z
m 236.97428,404.67732 33.35024,-8.32012 10.09449,41.1202 v 0.69089 l -33.0983,7.6629 z
m 203.77581,412.22401 33.74397,-7.70784 9.65742,40.83824 0.15623,0.57634 -32.93779,7.43021 z
m 902.40069,274.07989 33.59689,-8.44834 10.60954,41.59032 -33.00747,8.70678 z
m 302.39638,388.35852 32.20629,-8.77599 0.98553,-0.20825 10.445,41.18001 -32.65865,9.04633 z
m 269.87917,396.46201 32.8071,-8.12102 10.76476,41.48005 -1.70941,0.38239 -31.47106,7.57087 z
m 368.64477,370.61582 32.90812,-8.84709 10.39139,41.26865 -32.84518,8.5582 z
m 335.34491,379.32067 33.54934,-8.79349 10.24294,41.1202 -33.30014,8.91966 z
m 433.9651,353.36056 29.49077,-8.06961 3.11742,0.2969 1.78138,1.03914 1.33603,1.33604 9.05536,37.70589 -34.44003,8.16466 z
m 400.99643,361.91203 33.21511,-8.60486 10.53984,40.52641 -33.25244,9.2038 z
m 595.53986,310.75082 33.74623,-8.37487 10.38011,40.82234 -1.39145,0.34996 -31.45179,8.05539 z
m 531.0942,327.51731 32.71278,-8.65017 9.60858,41.15577 -31.43049,8.87134 z
m 496.41141,340.68905 0.14845,-2.37517 1.33604,-2.07828 33.24543,-8.67371 10.99219,41.33236 -35.62761,9.2038 z
m 595.98968,310.66022 10.88972,40.92521 -33.03421,8.30249 h -0.40149 l -10.03225,-40.93586 z
m 629.12677,302.37595 32.65915,-8.76221 10.9926,40.62479 -33.13889,8.98798 -0.15752,-0.22576 z
m 661.52978,293.64185 33.39323,-8.94964 10.69522,41.04609 -32.6804,8.50023 z
m 694.28265,284.81094 34.09608,-8.403 9.90217,41.29392 -32.64142,8.04707 z
m 760.78174,267.54577 32.75598,-8.50294 10.67397,40.94342 -0.47794,0.47794 -32.49984,7.80634 z
m 793.47213,259.00535 33.04337,-9.04336 10.51465,41.73999 -33.13709,8.28427 z
m 728.15383,276.49542 32.88405,-9.00901 10.51466,41.10274 -33.3743,9.03482 z
m 858.63112,241.73708 33.83993,-8.82157 10.03172,41.69133 -2.28071,0.46793 -29.9425,7.17242 z
m 826.13128,250.04948 32.56543,-8.37176 11.44743,40.49483 -0.4404,0.12954 -32.99221,9.24058 z
m 892.29704,232.97311 29.47289,-7.3284 42.23263,32.44224 v 0.15931 l -61.24453,16.58082 z
m 253.02914,333.09548 33.2933,-7.30829 10.88123,41.25122 -33.1309,9.25717 z
m 285.99763,324.81275 33.1309,-8.28272 10.71882,41.57603 -32.64368,8.93235 z
m 228.68393,337.66341 -45.32163,30.79103 -1.0379,3.1137 4.49757,18.6822 1.82551,2.10249 3.39332,0.95437 9.43768,-2.01478 62.59429,-14.99684 -10.71882,-42.71288 z
m 351.93462,308.2473 33.1309,-8.44513 10.39401,41.25122 -32.9685,7.79551 z
m 318.47891,316.20522 33.94293,-7.95792 10.06919,40.764 -32.48127,8.93236 z
m 479.21604,274.62826 33.99256,-8.85387 0.94863,-0.15811 11.25903,41.7397 -30.70594,8.37956 -3.4783,-0.63242 -1.73916,-1.89726 z
m 416.89717,291.19463 35.07978,-8.60753 9.90679,36.37902 -0.16241,1.94888 -0.32481,1.78647 -2.5985,2.27369 -30.69481,7.6331 z
m 384.5783,299.63977 32.64368,-8.28273 11.04364,41.08881 -32.9685,8.60754 z
m 513.68292,265.45818 33.20203,-8.85388 10.90924,40.63297 0.47432,1.10673 -32.88583,9.01198 z
m 546.41064,256.76241 33.67635,-8.69578 11.5154,41.17464 -1.61929,0.56792 -31.8727,8.53481 z
m 580.08699,247.90853 32.88582,-8.37956 11.38356,41.26538 -33.67635,8.69578 z
m 612.6566,239.52897 33.20204,-8.22146 10.27682,40.63297 -31.62099,8.85387 z
m 678.74446,222.61174 32.88583,-8.53767 10.8302,41.18636 -2.29254,0.55335 -30.49667,7.88767 z
m 645.89835,231.58926 32.68801,-8.81941 11.08071,40.94109 -1.23849,0.28983 -32.25341,7.90524 z
m 710.99787,213.91597 33.36014,-8.53767 10.78628,41.2303 -1.29999,0.43037 -31.46288,8.14239 z
m 776.68851,196.04881 33.51825,-8.37956 10.60377,41.72346 -33.28988,8.71331 z
m 744.35801,205.2202 32.56961,-8.53767 10.90924,41.42349 -32.72772,8.69577 z
m 373.91864,258.5013 32.97638,-8.80302 10.20032,41.49994 -32.97638,8.52356 z
m 406.61556,249.69828 30.46123,-8.52355 3.2138,0.97811 1.3973,1.67676 0.69866,1.8165 9.36194,36.88883 -34.93261,8.66329 z
m 810.12966,187.67055 46.38716,-12.23238 25.07627,18.71468 3.95262,15.17808 -0.47432,1.73915 -1.58105,2.21347 -63.08386,16.28481 z
m 228.40321,337.15814 108.04062,-69.28885 4.82164,-0.71432 10.35762,40.89471 -66.96733,17.67937 -32.50147,8.39324 -23.447,3.43892 z
m 340.80252,266.88512 33.25585,-7.96463 10.34005,40.80129 -32.83665,8.24409 z
m 469.77371,238.24039 -0.40393,-2.34965 0.0882,-1.74494 c 0.48974,-0.91311 0.79737,-2.36597 3.52954,-2.89194 l 29.9613,-7.00827 10.83999,41.38196 -35.07234,8.94275 z
m 634.93508,190.17312 33.07887,-8.72541 10.3773,41.2826 -32.97639,8.66328 z
m 569.26178,207.49969 32.69692,-8.84651 10.47978,40.98451 -32.97638,8.2441 z
m 601.53951,198.69667 34.0756,-8.64466 9.93948,41.06212 -33.67503,8.38383 z
m 535.86621,215.74379 33.5353,-8.2441 10.34005,40.3821 -33.81476,8.66328 z
m 502.75009,224.26734 33.4142,-8.52667 10.32143,40.8044 -33.11611,9.08248 z
m 667.77173,181.50983 33.07575,-9.52342 10.52015,42.22034 -33.25584,8.80302 z
m 700.32892,172.14789 33.19686,-8.64466 10.81823,41.62104 -33.25584,8.66329 z
m 766.30344,155.14115 49.16336,-12.33665 41.08075,32.69692 -79.64635,20.95957 z
m 733.42642,163.58709 33.13473,-8.48631 10.61951,41.49994 -33.39557,8.52355 z
